27
31
27
25
22
27
30
29
29
29
31
29
27
26
27
31
33
35
34
33
33
29
25
32
27
31
35
35
32
28
32
29
30
26
30
29
22
29
34
36
31
32
32
27
32
36
37
36
35
34
35
34
27
27
28
31
34
35
37
37
36
35
36
36
34
34
30
34
37
36
37
38
38
38
38
33
33
32
33
33
35
33
30
31
28
32
28
29
28
27
30
30
30
29
33
36
35
34
34
35
28
34
35
34
32
31
32
30
30
31
28
30
32
30
30
32
33
29
24
23
26
28
28
28
28
29
28
29
30
33
32
31
30
28
30
31
30
30
30
29
31
29
30
30
31
30
26
24
23
27
28
26
20
21
21
21
23
20
19
16
11
14
19
21
20
20
18
18
18
19
22
23
16
17
19
18
20
22
13
12
15
19
18
19
12
16
17
18
18
18
17
12
12
15
13
9
9
10
7
6
6
10
12
8
9
8
12
5
9
9
4
4
7
9
6
3
6
8
5
7
7
6
1
1
0
1
2
0
5
7
6
7
8
9
6
6
6
3
5
5
4
5
6
6
4
1
0
2
3
3
1
2
2
0
4
6
6
5
5
5
6
7
6
3
-4
-6
-3
-3
-3
-2
-3
0
3
3
5
0
1
3
1
3
2
4
5
2
2
5
9
6
7
7
9
7
6
4
8
10
10
3
7
11
7
8
6
12
19
5
7
7
7
6
12
11
11
19
22
26
9
8
9
9
8
8
12
17
18
21
24
26
28
22
16
20
24
27
31
25
10
12
10
13
20
25
25
25
23
12
17
19
24
25
28
30
30
21
14
16
20
25
27
25
30
31
24
20
23
24
30
26
26
25
26
27
28
24
29
30
34
29
26
25
27
26
24
19
24
30
31
30
30
31
31
31
32
33
35
35
33
35
39
39
32
32
20
22
28
33
26
31
33
32
32
32
31
34
36
34
35
36
33
33
38
35
37
36
33
33
34
35
37
34
34
28
30
29
27
29
28
28
33
35
32
36
36
36
36
35
33
33
34
34
33
32
31
34
35
35
35
36
36
35
34
33
32
33
34
33
34
34
31
29
30
29
28
26
30
31
28
30
31
32
31
31
31
31
28
28
28
27
31
30
31
29
28
27
28
29
29
30
30
28
27
25
27
25
23
26
26
25
25
25
24
24
25
25
24
22
25
26
27
28
27
20
22
22
18
18
18
21
22
22
21
18
18
19
20
20
19
22
20
22
17
15
18
18
17
17
18
19
21
19
17
12
12
13
14
16
14
15
16
17
16
9
8
11
11
13
12
9
10
10
12
13
14
11
11
9
11
10
11
9
5
4
0
-3
-2
1
2
0
3
3
5
7
7
10
10
9
8
8
9
0
5
3
2
-4
-4
0
-1
1
2
3
4
3
2
4
3
2
3
5
5
7
6
6
-2
4
6
6
3
5
8
9
10
7
5
6
8
7
9
5
3
9
8
7
10
8
3
0
0
-1
0
4
3
1
-1
2
4
6
5
8
9
10
9
11
14
11
11
12
15
16
16
15
14
15
12
14
16
14
15
17
13
15
17
13
19
21
23
25
20
13
15
12
19
21
25
20
13
15
14
16
16
19
21
27
22
17
20
15
8
17
15
22
22
22
24
22
30
23
19
19
20
25
26
21
16
20
15
19
24
22
27
29
28
28
21
24
27
26
29
28
30
29
25
30
29
33
33
29
27
25
30
35
39
34
35
30
28
32
33
30
30
30
36
34
33
28
25
31
33
30
32
35
37
32
34
33
28
31
37
33
35
31
33
35
36
36
34
35
33
36
33
34
35
34
40
38
26
29
31
28
27
31
34
34
35
34
34
34
32
34
34
37
35
33
39
37
39
37
36
34
33
35
33
31
31
29
29
31
30
32
32
30
26
27
26
29
33
29
30
32
32
30
31
32
30
31
30
28
32
32
29
30
32
32
32
32
31
31
32
33
35
31
30
25
27
24
28
28
26
26
24
27
25
27
27
29
30
30
30
29
30
31
31
31
30
31
22
19
21
23
22
24
22
20
22
17
16
17
17
17
20
23
22
21
23
24
21
15
17
20
17
20
22
22
20
19
15
16
18
19
13
17
19
18
17
21
14
14
15
15
13
8
7
11
13
16
14
11
4
8
6
7
7
9
6
5
9
10
3
6
7
4
3
6
7
7
9
7
5
5
6
4
4
5
4
5
5
3
3
4
8
8
9
-2
0
2
4
7
8
4
1
1
5
5
5
1
3
1
2
2
1
1
0
5
6
6
5
8
5
6
4
6
5
7
6
10
6
2
4
2
0
-2
1
8
10
17
16
16
18
2
0
3
8
12
11
5
11
11
16
12
6
8
5
5
6
11
11
9
7
11
15
14
11
6
12
17
13
11
16
17
15
23
28
17
26
14
21
22
21
23
11
13
14
17
17
16
14
18
23
14
20
24
15
14
8
16
21
22
26
26
25
20
21
21
20
19
15
16
17
26
21
22
24
27
28
34
33
31
26
12
25
26
19
13
20
26
25
26
28
25
25
27
24
24
29
31
30
30
25
29
30
26
28
33
35
30
29
32
32
35
27
27
32
38
36
29
34
33
31
35
33
35
33
29
30
33
34
34
33
28
29
31
29
32
34
29
31
33
31
28
30
32
31
33
32
24
27
28
26
29
32
33
34
32
29
30
35
33
32
31
36
35
24
29
31
34
34
33
33
32
33
35
29
27
29
32
33
31
34
28
29
35
26
25
32
35
23
25
27
28
30
29
32
27
31
31
31
31
28
33
28
27
30
31
31
31
31
30
28
26
25
26
27
22
26
26
28
30
27
27
27
20
24
25
26
27
27
19
22
21
20
23
17
20
21
24
22
23
23
22
20
22
17
19
19
22
22
22
22
17
16
17
20
21
23
17
19
17
18
19
18
15
15
18
17
19
20
15
17
18
20
19
17
16
18
17
13
12
10
8
3
5
5
7
6
6
5
1
5
4
3
4
4
4
5
6
2
3
6
6
2
2
0
0
2
2
5
2
4
5
6
8
8
5
9
8
7
1
-6
-4
2
3
3
2
1
-1
0
-6
-2
1
2
2
8
10
7
4
0
4
7
1
0
4
4
6
4
4
6
9
0
6
11
4
6
1
8
12
16
17
5
9
10
15
17
14
15
2
6
2
2
11
22
24
23
9
6
7
9
10
15
8
2
5
14
16
12
1
7
12
16
17
17
14
16
15
13
14
15
9
13
14
12
19
23
17
22
19
19
20
19
21
24
21
14
16
19
19
21
20
21
22
23
19
22
14
22
22
20
18
24
26
25
21
12
14
15
18
18
24
23
20
16
22
20
17
24
28
31
25
27
27
22
24
27
25
25
20
23
30
30
30
23
30
32
26
28
31
27
33
29
23
26
26
28
32
26
33
33
34
30
29
29
27
34
36
36
26
25
26
29
33
37
35
34
29
27
25
31
34
30
33
30
32
28
31
28
33
35
32
34
34
33
35
35
29
34
30
32
30
32
32
33
32
29
29
33
34
34
34
30
30
23
27
34
32
31
31
31
33
32
34
33
32
33
33
30
29
29
30
31
29
30
23
25
32
31
31
30
30
30
29
29
27
28
25
29
30
30
27
24
22
28
30
31
31
33
31
30
27
28
24
26
25
17
22
28
30
24
26
21
20
25
23
27
29
24
27
26
18
11
10
18
21
14
16
20
20
22
18
22
11
16
18
13
13
18
18
18
20
21
21
22
21
19
20
17
16
13
18
18
19
19
-1
6
10
15
13
15
17
18
14
13
15
17
11
9
8
4
9
13
14
12
12
13
7
5
8
12
12
13
13
11
10
9
9
5
7
3
6
8
9
4
0
7
11
14
9
4
2
-3
-5
0
6
6
5
7
8
7
4
6
5
3
5
4
7
6
4
2
1
4
5
6
2
5
6
-1
0
0
0
0
1
3
3
3
3
5
6
3
2
5
5
1
4
5
6
9
9
9
9
6
0
-2
-2
-1
0
2
1
6
5
3
7
11
15
12
17
14
10
16
15
16
12
13
17
21
22
23
12
8
7
18
20
8
3
5
6
10
10
12
18
16
14
20
15
17
14
12
17
16
18
18
23
25
11
24
27
26
31
31
17
17
20
18
22
21
22
25
27
26
20
27
28
29
24
17
11
17
21
26
27
32
32
30
21
18
13
14
18
22
17
22
24
27
29
31
30
29
31
33
33
32
32
27
32
35
34
31
32
35
33
35
37
30
34
28
28
28
28
29
25
28
28
28
29
33
35
36
33
39
39
37
34
37
37
36
30
29
30
30
31
33
26
33
33
27
35
36
35
25
28
26
32
34
35
34
33
33
32
29
32
32
32
34
33
32
32
28
30
31
33
34
35
35
36
36
35
33
28
22
29
30
32
30
32
34
30
32
30
32
30
32
31
30
26
31
29
28
22
21
27
29
26
29
26
29
28
29
32
31
32
31
29
30
29
27
27
30
31
29
25
26
26
27
24
27
27
29
29
29
31
31
23
21
19
15
16
16
20
21
16
17
21
21
19
22
24
17
16
19
22
21
23
22
22
22
24
22
15
16
15
17
19
18
18
13
14
17
18
17
16
15
15
18
12
9
14
17
16
16
15
15
14
12
13
15
15
17
6
8
8
-2
-2
0
4
2
3
5
7
7
7
9
3
5
5
1
3
1
-1
-2
5
4
4
1
-1
0
2
3
4
2
4
3
6
7
6
4
5
6
6
11
12
12
8
8
6
7
4
-2
0
2
3
5
7
0
4
5
-3
-4
0
0
2
5
10
12
14
4
4
7
10
11
4
7
7
3
3
7
4
5
5
5
9
10
12
10
7
6
10
10
6
9
12
14
15
12
15
19
21
21
21
25
15
26
29
11
10
19
21
12
11
11
16
16
18
20
17
15
13
9
16
20
23
24
24
22
21
24
18
7
13
14
16
20
22
24
19
21
24
21
21
20
23
25
26
19
13
10
14
15
21
20
25
21
22
24
29
27
29
16
18
23
24
27
26
27
27
28
27
29
34
32
30